AnJihai(section A)& SunYuanjie(section B)
CS3251 distance vector routing/project3

####content of the input file 1#####################################
3
1 2 10
2 3 20

####content of the input file 2##########################################
5 1 3 15

####content of detailed reports#########################################
#################1.Output_basic.txt##############################

Round 1
1	1,0 	2,1 	-1,-1 	
2	1,1 	2,0 	3,1 	
3	-1,-1 	2,1 	3,0 	
Round 2
1	1,0 	2,1 	2,2 	
2	1,1 	2,0 	3,1 	
3	2,2 	2,1 	3,0 	
Round 3
1	1,0 	2,1 	2,2 	
2	1,1 	2,0 	3,1 	
3	2,2 	2,1 	3,0 	
Round 4
1	1,0 	2,1 	2,2 	
2	1,1 	2,0 	3,1 	
3	2,2 	2,1 	3,0 	
Round 5
1	1,0 	2,1 	3,1 	
2	1,1 	2,0 	3,1 	
3	1,1 	2,1 	3,0 	
Round 6
1	1,0 	2,1 	3,1 	
2	1,1 	2,0 	3,1 	
3	1,1 	2,1 	3,0 	


Convergence delay: 1 round

#####################2.Output_split.txt###############################

Round 1
1	1,0 	2,1 	-1,-1 	
2	1,1 	2,0 	3,1 	
3	-1,-1 	2,1 	3,0 	
Round 2
1	1,0 	2,1 	2,2 	
2	1,1 	2,0 	3,1 	
3	2,2 	2,1 	3,0 	
Round 3
1	1,0 	2,1 	2,2 	
2	1,1 	2,0 	3,1 	
3	2,2 	2,1 	3,0 	
Round 4
1	1,0 	2,1 	2,2 	
2	1,1 	2,0 	3,1 	
3	2,2 	2,1 	3,0 	
Round 5
1	1,0 	2,1 	3,1 	
2	1,1 	2,0 	3,1 	
3	1,1 	2,1 	3,0 	
Round 6
1	1,0 	2,1 	3,1 	
2	1,1 	2,0 	3,1 	
3	1,1 	2,1 	3,0 	


Convergence delay: 1 round

######################3.Output_poison.txt##########################

Round 1
1	1,0 	2,1 	-1,-1 	
2	1,1 	2,0 	3,1 	
3	-1,-1 	2,1 	3,0 	
Round 2
1	1,0 	2,1 	2,2 	
2	1,1 	2,0 	3,1 	
3	2,2 	2,1 	3,0 	
Round 3
1	1,0 	2,1 	2,2 	
2	1,1 	2,0 	3,1 	
3	2,2 	2,1 	3,0 	
Round 4
1	1,0 	2,1 	2,2 	
2	1,1 	2,0 	3,1 	
3	2,2 	2,1 	3,0 	
Round 5
1	1,0 	2,1 	3,1 	
2	1,1 	2,0 	3,1 	
3	1,1 	2,1 	3,0 	
Round 6
1	1,0 	2,1 	3,1 	
2	1,1 	2,0 	3,1 	
3	1,1 	2,1 	3,0 	


Convergence delay: 1 round

############################content of simple report:###########################
###################1.Output_basic.txt#############################

1	1,0 	2,1 	3,1 	
2	1,1 	2,0 	3,1 	
3	1,1 	2,1 	3,0 	


Convergence delay: 1 round

###################2.Output_split.txt##############################

1	1,0 	2,1 	3,1 	
2	1,1 	2,0 	3,1 	
3	1,1 	2,1 	3,0 	


Convergence delay: 1 round

###################3.Output_poison.txt#############################

1	1,0 	2,1 	3,1 	
2	1,1 	2,0 	3,1 	
3	1,1 	2,1 	3,0 	


Convergence delay: 1 round


